cam0:
  T_cam_imu:
  - [-0.7110389287541311, 0.7030989176046103, -0.008692172306376644, 0.0563700194995892]
  - [-0.021498801941478463, -0.009382327708771593, 0.9997248488668504, 0.04170684629442526]
  - [0.7028239063316354, 0.7110301568780266, 0.02178698461811454, -0.06540356855510543]
  - [0.0, 0.0, 0.0, 1.0]
  cam_overlaps: []
  camera_model: omni
  distortion_coeffs: [-0.2944559868169707, 0.048065134729022865, -0.0006083631781998176, 0.0002913256631469438]
  distortion_model: radtan
  intrinsics: [1.336939017121606, 1374.2528242795581, 1380.053515410533, 944.7900577431745, 548.2927183306238]
  resolution: [1920, 1200]
  rostopic: CAM_B
  timeshift_cam_imu: 0.004580465025833717
