cam0:
  T_cam_imu:
  - [-0.7079672312133742, -0.7057410761887956, -0.026682070908216726, -0.03716647999479929]
  - [-0.03102864435985253, -0.006661604053512057, 0.9994962962715899, -0.0009944186425841818]
  - [-0.7055633371691448, 0.7084385339684145, -0.017181991485997014, -0.08732255551500087]
  - [0.0, 0.0, 0.0, 1.0]
  cam_overlaps: []
  camera_model: omni
  distortion_coeffs: [-0.07529324494720437, 0.7863918414609604, 0.001418219841299002, -0.00023759572222294665]
  distortion_model: radtan
  intrinsics: [2.2420313412762813, 1929.6202389534537, 1936.152329790195, 964.1198306749012, 578.1499397290835]
  resolution: [1920, 1200]
  rostopic: CAM_C
  timeshift_cam_imu: -0.011112293427716378
