cam0:
  T_cam_imu:
  - [0.7096216947231603, -0.7045485623702574, 0.006955116119238547, -0.046251797988350614]
  - [-0.030384198871421353, -0.02073792921430373, 0.9993231403058989, 0.0360925445604444]
  - [-0.7039274471400945, -0.7093527060312836, -0.03612322810773505, -0.12552105427620014]
  - [0.0, 0.0, 0.0, 1.0]
  cam_overlaps: []
  camera_model: omni
  distortion_coeffs: [-0.15803385633841976, 0.4851481768655115, 0.003313752640033871, -0.0005832260239382814]
  distortion_model: radtan
  intrinsics: [2.0709544741988735, 1836.7722847636185, 1842.8797698992516, 943.8744132779258, 675.4315499638448]
  resolution: [1920, 1200]
  rostopic: CAM_D
  timeshift_cam_imu: 0.0006121032929063859
