cam0:
  T_cam_imu:
  - [0.7018646293174798, 0.7116202270294291, 0.03134795999136919, 0.05005190585348576]
  - [-0.02696485391817982, -0.017433622229973134, 0.9994843497869859, 0.05051554599563354]
  - [0.711799788399946, -0.7023480058336653, 0.006952692662969384, -0.1575000117819409]
  - [0.0, 0.0, 0.0, 1.0]
  cam_overlaps: []
  camera_model: omni
  distortion_coeffs: [-0.09894889723043146, 0.4517245377228005, 0.00021738650445297169, 0.00019674116146680266]
  distortion_model: radtan
  intrinsics: [2.120246786493986, 1867.917308257951, 1874.460477131494, 960.9040583011928, 547.1730928428619]
  resolution: [1920, 1200]
  rostopic: CAM_A
  timeshift_cam_imu: -0.002095058593884142
