cam0:
  T_cam_imu:
  - - 0.7018646293174798
    - 0.7116202270294291
    - 0.03134795999136919
    - 0.05005190585348576
  - - -0.02696485391817982
    - -0.017433622229973134
    - 0.9994843497869859
    - 0.05051554599563354
  - - 0.711799788399946
    - -0.7023480058336653
    - 0.006952692662969384
    - -0.1575000117819409
  - - 0.0
    - 0.0
    - 0.0
    - 1.0
  cam_overlaps: []
  camera_model: omni
  distortion_coeffs:
  - -0.09894889723043146
  - 0.4517245377228005
  - 0.00021738650445297169
  - 0.00019674116146680266
  distortion_model: radtan
  intrinsics:
  - 2.120246786493986
  - 1867.917308257951
  - 1874.460477131494
  - 960.9040583011928
  - 547.1730928428619
  resolution:
  - 1920
  - 1200
  rostopic: CAM_A
cam1:
  T_cam_imu:
  - - -0.7110389287541311
    - 0.7030989176046103
    - -0.008692172306376644
    - 0.0563700194995892
  - - -0.021498801941478463
    - -0.009382327708771593
    - 0.9997248488668504
    - 0.04170684629442526
  - - 0.7028239063316354
    - 0.7110301568780266
    - 0.02178698461811454
    - -0.06540356855510543
  - - 0.0
    - 0.0
    - 0.0
    - 1.0
  cam_overlaps: []
  camera_model: omni
  distortion_coeffs:
  - -0.2944559868169707
  - 0.048065134729022865
  - -0.0006083631781998176
  - 0.0002913256631469438
  distortion_model: radtan
  intrinsics:
  - 1.336939017121606
  - 1374.2528242795581
  - 1380.053515410533
  - 944.7900577431745
  - 548.2927183306238
  resolution:
  - 1920
  - 1200
  rostopic: CAM_B
cam2:
  T_cam_imu:
  - - -0.7079672312133742
    - -0.7057410761887956
    - -0.026682070908216726
    - -0.03716647999479929
  - - -0.03102864435985253
    - -0.006661604053512057
    - 0.9994962962715899
    - -0.0009944186425841818
  - - -0.7055633371691448
    - 0.7084385339684145
    - -0.017181991485997014
    - -0.08732255551500087
  - - 0.0
    - 0.0
    - 0.0
    - 1.0
  cam_overlaps: []
  camera_model: omni
  distortion_coeffs:
  - -0.07529324494720437
  - 0.7863918414609604
  - 0.001418219841299002
  - -0.00023759572222294665
  distortion_model: radtan
  intrinsics:
  - 2.2420313412762813
  - 1929.6202389534537
  - 1936.152329790195
  - 964.1198306749012
  - 578.1499397290835
  resolution:
  - 1920
  - 1200
  rostopic: CAM_C
cam3:
  T_cam_imu:
  - - 0.7096216947231603
    - -0.7045485623702574
    - 0.006955116119238547
    - -0.046251797988350614
  - - -0.030384198871421353
    - -0.02073792921430373
    - 0.9993231403058989
    - 0.0360925445604444
  - - -0.7039274471400945
    - -0.7093527060312836
    - -0.03612322810773505
    - -0.12552105427620014
  - - 0.0
    - 0.0
    - 0.0
    - 1.0
  cam_overlaps: []
  camera_model: omni
  distortion_coeffs:
  - -0.15803385633841976
  - 0.4851481768655115
  - 0.003313752640033871
  - -0.0005832260239382814
  distortion_model: radtan
  intrinsics:
  - 2.0709544741988735
  - 1836.7722847636185
  - 1842.8797698992516
  - 943.8744132779258
  - 675.4315499638448
  resolution:
  - 1920
  - 1200
  rostopic: CAM_D
